8 20 15 2
trait-1_locus-1
trait-1_locus-2
trait-1_locus-3
trait-1_locus-4
trait-1_locus-5
trait-1_locus-6
trait-1_locus-7
trait-1_locus-8
trait-1_locus-9
trait-1_locus-10
trait-1_locus-11
trait-1_locus-12
trait-1_locus-13
trait-1_locus-14
trait-1_locus-15
trait-1_locus-16
trait-1_locus-17
trait-1_locus-18
trait-1_locus-19
trait-1_locus-20
1 0301 0914 0308 0211 1110 0110 0510 0407 1406 1101 0806 0110 1110 0503 1201 0607 1401 1406 1414 0512 
1 1108 0814 1413 0801 1008 1511 1514 1504 0412 1002 0914 0210 0514 1414 0702 1414 1107 1405 1009 0901 
1 1301 1401 0403 0805 0104 0113 1202 0204 0509 0101 0207 1002 1108 0108 1208 0303 0613 0715 1402 1209 
1 0911 1002 0105 1003 0313 1411 1114 0211 1409 1001 1506 0309 1213 0409 0610 0602 0211 0306 0215 0606 
1 0603 0914 0301 0513 0904 0210 1003 0611 0914 0102 1107 0513 1015 0803 0812 1211 0602 0614 1009 0804 
1 0102 1115 0207 0406 0710 0901 0410 0201 1503 0402 1102 1413 0601 0812 1512 0306 0410 1012 0514 1215 
1 0315 0608 0305 1010 0609 1209 1310 1011 0310 0404 1507 1514 0412 1108 1509 0307 1114 1105 0511 1303 
1 1205 1310 0804 0814 1109 0111 1111 0102 0308 1003 0607 1315 0515 0301 1515 0303 1406 0605 1406 0606 
1 0501 1014 0802 0501 1511 0101 0509 1005 1211 0412 1213 0414 0303 0303 1209 0503 0711 0512 1401 0504 
1 1010 0802 0807 0815 1108 0306 1005 1401 0801 1114 1412 1509 1314 0508 0402 1008 0811 0614 1205 0809 
1 0603 0204 0308 1303 0403 0114 0914 1004 0314 0101 1513 0505 1505 0901 0414 1207 0104 0610 0107 1204 
1 1403 1010 1407 1312 0604 0601 0512 0504 0901 0103 0912 0504 0114 0805 0215 0812 0706 0911 0707 0909 
1 1313 1114 0711 0603 1405 1008 1214 0614 0303 0301 0803 0213 0304 0101 1405 0814 1413 1003 0907 0708 
1 0703 0114 0403 0815 0415 0311 0502 0412 0807 0804 1314 0203 0705 0814 1511 0304 0914 0705 1404 1307 
1 0504 0213 0404 0801 1404 1211 1302 0208 0109 0113 1113 0804 1415 0714 1302 0304 0913 1403 0209 0812 
1 0406 0404 0308 0807 0115 1413 0214 0114 1314 1412 1309 1315 1109 0401 0615 1312 0106 0506 0114 0812 
1 0607 0902 0104 0815 1208 1515 0214 1402 0506 0410 0308 1513 1507 1114 1512 0505 1310 1210 0111 0904 
1 0106 0404 1204 0801 0409 0610 0308 1408 0201 0214 1310 1313 1210 0312 0214 1106 1110 1307 0510 0501 
1 0206 0211 0504 0314 0211 1514 1506 0205 0511 0111 0412 0405 1512 1009 0215 0315 0614 0507 0214 1208 
1 0613 0111 0415 1502 0809 1515 0203 0315 0407 1314 0914 0804 1301 0104 1515 0303 0207 1007 1002 0412 

2 0201 1310 1214 0813 0405 0102 0502 0713 0712 0312 1101 0608 0202 0805 0304 0802 0102 0506 1401 0611 
2 0603 0303 0402 1207 0406 0805 0913 0910 1215 1203 0410 1415 0203 0103 0502 0802 1006 0203 1413 0211 
2 0203 0603 1311 0108 1009 0801 0904 0602 0508 1012 0701 0302 0101 0107 1203 1115 0101 0605 1104 1403 
2 1005 0408 0408 0615 1002 0810 1107 1507 1101 0314 0801 1107 0703 0310 0915 0503 0902 0306 0612 0311 
2 0606 1508 1215 0111 0907 0209 0813 1013 0303 0303 1310 0204 0306 1401 1212 0505 0904 1415 0710 0111 
2 0212 0313 0302 0811 0406 1304 0410 0203 1211 0901 1504 1502 0210 1314 1004 1212 0615 0906 0610 1103 
2 0213 0115 0802 0303 0407 0806 1403 1011 1101 0501 0507 0505 0304 0108 1112 0315 0604 1209 0612 0103 
2 0702 1310 0502 1104 0401 0103 0305 0702 1511 0704 1313 0403 1106 0408 0204 0804 0815 0101 0705 0801 
2 0703 1303 0309 0806 1304 1312 1205 0602 0503 1212 0315 0415 0908 0110 0115 0305 0809 0612 0202 0901 
2 1305 1307 0902 1211 1101 1513 1212 0713 1112 0707 1302 1505 0702 1312 0312 0301 0410 0809 0302 0314 
2 1303 1203 0902 1106 1007 0810 0305 0503 1212 0311 0505 0210 0405 0612 0310 0312 0106 0602 0905 0505 
2 0112 1206 1205 0704 1304 0812 1306 1010 1210 0305 1406 0503 0202 0106 0709 0512 0803 0614 0605 1111 
2 1204 0313 0801 0807 0204 1013 0902 0203 0706 0703 0413 0507 0510 0612 0215 1315 0409 1012 1505 1108 
2 0206 0303 0201 0708 1109 0801 1313 0302 0511 0810 0107 0207 0810 0712 1515 0903 0804 1006 0514 1111 
2 0305 0303 0208 0808 0507 0603 1314 0110 0315 0703 0404 0605 1014 0514 1413 0406 1004 0407 0606 1103 
2 1312 0304 0412 0201 0711 0807 0402 0102 0505 0307 1311 1511 0814 0807 0203 1307 1402 0408 1405 0205 
2 0309 0711 0202 0608 0110 1012 0209 1515 1213 0704 0709 0213 0308 1408 0912 0805 0909 0412 1005 0813 
2 0403 0810 1309 0301 1004 0207 1014 0310 1203 0603 0503 0505 0807 0613 0914 0101 1306 0504 0304 1104 
2 1007 1212 0513 0606 1110 0601 1502 1402 0802 1105 0404 1103 0304 0806 0401 0402 1504 1207 1509 0605 
2 0503 1503 1011 1108 1109 0814 1204 1314 0304 0908 0302 1415 1003 1207 0513 0209 1504 0706 1508 1102 

3 0812 0506 0603 0209 0706 1206 0210 1215 0108 0905 1401 0509 0907 1415 1003 0510 0507 1213 1004 0102 
3 0611 1006 0604 1108 0613 0312 1410 0105 1313 0507 0507 0206 1406 1308 0701 0110 0412 0201 1010 0911 
3 1509 0404 1407 0815 0606 0814 0713 0309 0802 0514 1214 1513 0514 0501 1215 1313 0512 1001 0714 0607 
3 0509 1111 0310 0805 1013 0706 1514 0315 0408 0515 1513 0407 0708 0314 1201 0607 0601 0504 0411 1101 
3 1006 1102 1005 0601 0706 1513 0212 1001 0405 0809 1215 0909 0215 0902 0614 1205 0307 0202 1108 0701 
3 1515 1410 0810 1103 0506 1204 1010 1010 0402 1509 1011 1215 0209 1212 0509 0607 1214 0610 1410 0412 
3 0915 0204 0408 0802 1301 0715 0311 1109 0503 0503 1313 1210 0205 1506 0206 0609 0708 1006 1211 0712 
3 1515 0306 0613 0913 0407 1203 0805 0312 0204 1310 0909 0415 1114 0411 0909 1206 1212 0509 1205 0202 
3 0705 0114 0405 1007 1106 1507 0401 1503 0911 0913 0902 1512 0610 0805 0702 0102 1310 1013 0612 1107 
3 1505 1112 0503 0111 0906 0703 0804 0410 0207 1503 1010 0802 1112 1215 1505 0102 0114 1003 0409 0211 
3 1214 0614 0107 1309 0603 0603 1010 0215 1214 0509 0913 0904 1003 1209 1005 0706 0107 0602 1106 1204 
3 0405 0406 0406 1511 0706 1007 1102 0303 0112 1403 1513 1314 1505 1109 1403 1314 0201 1106 0809 1013 
3 1514 0304 0310 0608 0808 0704 0704 1004 0203 0913 0310 0714 0407 0904 0201 1304 1212 0914 0611 0110 
3 0911 1102 0502 1101 1006 0407 0407 0304 0505 0415 0510 1312 0910 0302 0612 0111 0210 0402 0406 1207 
3 1315 1102 0504 1512 0813 0903 0904 1101 0403 0105 0615 0912 1102 0503 0601 0109 0801 0508 0602 1304 
3 0513 0510 0904 0815 0706 0803 0904 0401 0311 1208 0710 1503 0706 0504 1107 0613 1203 0503 1211 0201 
3 0114 0812 1010 0308 1311 0406 0110 0303 0313 0912 1301 0101 1515 1206 0214 1407 0707 1506 1105 1010 
3 1512 1107 0605 0808 0806 1005 0205 0806 0608 0912 0908 0304 0615 1202 0114 1005 1202 0901 1108 1302 
3 1411 1406 1104 0103 1511 0603 1011 0303 0510 0805 0515 0808 1411 0314 1411 1210 0511 0309 0810 1009 
3 0906 1002 0304 0301 0806 0212 1111 0105 1205 0403 0905 0101 1108 0312 1414 1506 1308 0313 0906 1104 

4 0101 0810 1201 0610 1002 1310 0204 0807 1315 1313 0313 0505 1204 0501 1210 0807 0110 0308 1211 0504 
4 0112 1412 1403 0505 1414 1313 0703 0905 1305 0106 0208 0207 0212 0612 0410 1005 1205 0610 0605 0807 
4 0213 0714 0101 0512 1414 0213 1402 0511 1302 0701 1314 1005 1014 0504 0601 1511 1303 0506 0710 0214 
4 0605 0907 1411 0601 0714 0511 0401 0408 1014 0501 0806 0106 0214 0203 0410 0312 0205 0511 1210 1403 
4 0911 1101 0409 0615 1408 0913 0909 1505 0504 1307 0604 0114 1512 1510 1007 0311 0710 0115 1305 1411 
4 0610 1209 1111 0806 0403 0409 0410 0309 1007 0108 1501 0408 1502 0504 1304 0703 1504 1506 0314 1414 
4 0606 1005 1314 0607 0314 0907 0904 0501 0706 0801 0713 0509 1302 1014 1502 1110 0203 1106 1112 1101 
4 1207 0310 1115 0407 1403 0905 0407 0105 0215 1315 0209 0708 1314 0201 0205 1411 0714 0505 0315 1114 
4 1114 0815 1301 0303 1404 0507 0104 0808 1514 0101 0202 0504 0911 0115 1002 1501 0213 1103 0814 1402 
4 0114 0401 0807 0103 0809 1309 0503 0610 1301 1201 0714 1405 0808 0902 0403 0407 0610 1005 0304 0213 
4 1512 0813 1301 1115 1008 0311 0403 0304 0413 1111 1307 1009 0114 0912 0210 0415 0905 0511 1412 0111 
4 1110 0708 0106 0605 1407 1011 0914 0711 0808 0601 0311 1309 0213 1505 0908 1511 1104 1105 0913 1113 
4 1114 1208 0613 0612 0404 0905 0614 0305 0510 1515 0813 0309 1302 0208 0715 0510 0210 1414 1110 1014 
4 0314 1003 0808 1307 1309 0909 1315 1401 0209 1515 0808 0602 1101 0505 0415 0601 0313 0204 1505 1102 
4 1402 1512 1411 0413 1311 1109 0405 1501 0711 0607 1013 1002 0212 0205 1001 0612 0602 0703 0310 0515 
4 0110 0513 1008 0109 1203 1013 0705 0209 1008 1408 1401 0213 0902 1205 0704 0902 1003 0408 1102 0803 
4 1206 1514 1311 0307 1407 1007 0201 1505 0604 0707 1515 0505 0208 1501 0704 1109 1303 0202 1313 0906 
4 1214 0107 0805 0412 0314 1313 0406 0509 1407 1506 0101 0201 1105 1515 0502 0115 0712 0203 1210 1503 
4 1508 1314 0114 0506 1507 1315 0310 0305 0403 1304 1413 1101 0212 1508 1103 1004 1302 0513 1009 1009 
4 0313 1110 1304 0910 0406 0905 1310 0305 1204 1306 0113 1401 0512 1106 1508 0802 0205 1507 1510 0908 

5 1114 0302 0110 1001 1209 1111 0509 1105 0510 0101 0404 0215 0101 0113 1006 0314 0505 0915 0713 0203 
5 0501 0714 1305 0711 0610 0611 1206 0205 0213 0415 0407 1101 0714 0609 0602 0804 0905 1512 0311 1314 
5 1514 1202 0409 0609 0803 0514 1509 0701 0907 0310 0713 1402 1413 1308 1501 1514 0502 1212 0810 0212 
5 1205 1514 0801 1412 0613 0908 1214 0501 0805 1004 1112 1102 0202 1211 0113 0204 1301 1210 0108 1413 
5 0804 1512 0701 0907 1201 0515 0114 0807 0311 0112 1505 1207 0613 0410 1011 0611 0615 0204 1110 0913 
5 1005 1212 0908 0809 0213 0805 0913 0102 0208 1014 1510 0606 0104 1010 0906 0914 1512 1012 1212 0611 
5 0115 0202 1411 0901 0604 0201 1512 1502 0213 0205 1207 0908 1410 1110 0410 0108 0114 0309 0713 1309 
5 1505 0406 1404 1509 0814 0814 0203 1411 1314 0703 1404 0206 1407 0609 1503 1414 1502 1409 0803 1203 
5 1306 0713 1311 1108 1302 0909 0608 1315 0208 0401 0505 0211 0304 1112 1110 0604 1506 1415 0907 1313 
5 1012 0412 1202 1515 0806 1414 1204 0613 1201 0207 1107 0608 0213 0406 0901 0407 0505 1411 0514 1409 
5 0314 1212 0512 0714 0815 0208 1315 0814 1302 0114 0407 0206 1202 1106 0201 0309 1412 0903 0603 1314 
5 1103 0215 0911 1406 0309 1410 0415 1114 0814 1004 1004 0314 0303 1310 0112 1414 0502 1003 0501 0608 
5 1314 1506 0111 1414 1510 0206 1501 0604 0504 0214 0114 1414 0514 0611 1009 0404 1306 0908 0803 1109 
5 0912 0512 1005 1014 0802 1009 1409 1304 0713 1408 0713 0907 0903 0703 0611 0208 1313 0902 1106 0911 
5 1409 0903 0414 0410 1303 1108 0915 0304 1206 1102 0712 0302 1101 1306 0614 0401 1010 1014 0913 0614 
5 1215 1515 1202 0914 0402 0614 0508 1306 0412 1111 1414 0901 1103 1411 0404 0907 0406 0715 0906 0102 
5 1404 0313 0502 0608 1311 0612 1508 0111 0913 1409 1414 0306 0104 0513 0104 1414 0515 0205 0607 0109 
5 1415 1212 1004 0206 0614 1503 1515 0505 0107 0410 0501 1408 0314 1312 0507 0406 0606 1409 0313 0613 
5 0615 1104 0909 0914 1208 0208 0415 1414 0907 0402 0214 0202 0214 1002 1001 0611 0201 0402 0608 0206 
5 1213 1214 1409 0314 0704 0506 0104 0802 1210 0407 0403 0814 0103 0713 1105 0615 0305 0209 0213 0211 

6 0311 1510 1301 0210 0205 0112 0407 0611 0110 1204 0913 0103 0508 1211 0308 1305 1503 1407 0511 0915 
6 1401 0914 1510 0502 1005 1207 0910 0704 1104 0710 0505 1215 1506 0207 0803 0713 0703 0908 0111 0302 
6 0904 0812 1008 0207 0607 1212 1005 1006 0908 0505 1304 0403 1206 0508 0310 0502 1015 1415 0505 1009 
6 1510 1414 0302 0207 0714 0115 0203 0615 0409 1112 0608 0302 0509 1513 1002 0109 0304 0911 1203 0801 
6 0215 0909 1002 1114 0207 1002 1111 0502 0202 0712 1508 0208 1510 0509 0801 0907 1015 0904 1412 0210 
6 1315 0608 0301 1201 0605 0913 0105 1207 1102 1414 0604 0102 1406 0904 0909 1113 0912 0410 1015 1406 
6 1208 0314 1503 1007 0815 1215 0409 1006 0904 1008 1309 0915 1209 1102 1209 0602 1003 0513 1014 0904 
6 0111 1410 0301 1203 1414 1512 0911 0604 0904 1003 1307 0202 0213 1310 0101 0410 0914 0415 1213 1202 
6 0202 0614 1308 0507 1414 0604 1111 1007 0904 0505 0413 1002 1407 1212 0701 0903 1102 0508 1105 0804 
6 0811 0904 1211 0104 0214 0312 1111 0415 1413 1211 0108 0104 1011 0912 1409 0204 0209 1501 0507 0103 
6 0513 0404 1115 0901 0707 0315 0202 0901 0712 1211 0614 0307 0613 1112 0809 0405 0209 0906 0605 0401 
6 1102 0909 1514 0902 1105 0610 1204 1103 0414 1007 1413 0115 0112 0813 0813 0203 0914 0304 0112 1009 
6 1302 1009 0108 0515 1413 1406 0408 1512 0711 1204 0307 1510 1414 0709 1501 1011 0206 0901 1409 1201 
6 0611 1504 0810 1214 0207 1506 1115 0714 0401 1015 1409 1304 1103 0805 1309 0908 1515 0407 0413 0808 
6 0206 1511 1308 0314 0615 1206 0308 0602 1209 0507 1207 0702 1301 0713 0813 0502 0109 0703 0507 1403 
6 0502 1205 0502 1004 1505 1215 0908 0404 0308 1207 1403 0505 0110 1011 0904 0505 0308 0310 0402 0709 
6 1112 0412 0213 0213 0513 0904 1211 1110 0904 0911 1308 0105 0602 0202 1001 1302 1403 0902 0905 0109 
6 1310 0414 1509 0412 0613 1212 0402 0204 0201 0706 0307 0502 1201 1404 0309 0310 1111 0109 1414 0815 
6 0814 0414 0305 0105 0202 0412 0405 1002 0913 1211 0401 0409 0312 0911 0908 0605 1111 1513 1102 0812 
6 1415 0506 0713 1307 0106 0312 0212 1103 1303 1204 0509 1010 1106 0702 0814 0506 1108 0410 1114 1408 

7 0107 0312 0812 0606 1502 1512 1111 0315 1313 0306 1114 0805 1411 0809 1412 0910 0104 0910 0508 0713 
7 0115 0210 1004 1510 0201 0105 0207 0914 0408 0905 1015 1404 1114 0906 0305 0311 0711 1210 1014 0602 
7 0906 0115 1408 0412 1002 0503 1113 0609 1013 1006 0805 1208 1208 0806 0514 1503 1313 0403 0709 0104 
7 1413 1304 0612 1505 1506 0308 1206 1415 0404 1406 1407 1315 0215 1005 0105 0403 0714 0612 0707 1503 
7 0303 1508 0608 0205 1201 1501 0511 1415 0406 0210 1202 1509 0801 0101 1102 0809 1307 1515 0704 0207 
7 0913 0810 1315 0602 0812 0310 1502 0915 1309 0301 0612 1010 1010 0510 1413 1505 0713 0412 1504 0813 
7 0608 1111 0203 0814 0604 0615 0705 1405 1313 0215 0209 1209 1311 1312 0408 1005 0507 1506 0511 1512 
7 1209 1011 0904 0606 0209 0506 0406 1008 0607 0505 0211 1107 1012 1209 0405 0305 1506 0606 0805 0602 
7 0812 1012 0901 1515 0406 0701 1101 0805 1404 1514 0308 1210 1109 1405 0902 1303 0107 0610 0904 0615 
7 0609 1012 0409 0404 1205 0205 1413 0109 0305 0501 0608 0412 1211 0701 1211 0907 0606 1306 1305 0604 
7 1005 0108 1208 0407 0401 0101 0314 0604 1314 0908 0215 1003 1515 0810 0209 1007 1107 0512 1305 0807 
7 0403 1511 1314 0810 0801 0109 0408 0205 1303 1315 1010 0415 0508 1009 0301 0602 0909 0713 1006 0201 
7 0413 1015 0513 0602 1013 1505 0704 0213 0713 0909 0202 0115 1009 1414 0102 0812 0208 1206 1007 0602 
7 1202 1310 1205 0402 0501 1101 0105 0505 0412 0405 0613 1509 0612 1104 0102 0311 0615 0410 0802 0702 
7 1312 1001 0901 0814 1007 1010 0609 1114 1308 0802 1013 0708 1009 1210 1107 0209 1208 0608 0614 0602 
7 0508 0704 1202 1404 0105 1204 0706 0914 0707 1007 1415 0304 1510 0507 0907 1501 0914 1504 0410 1508 
7 0610 0110 0503 1507 1506 0610 0415 0215 1306 0609 0406 1114 1502 0704 0613 1513 1511 0114 0505 0207 
7 0509 1502 0404 1002 0501 0805 0507 0312 0802 0510 0508 1312 1013 1412 0510 0708 0615 1307 0509 1507 
7 0109 0906 0408 1508 1115 0902 0514 0502 1308 0509 0706 1102 0503 0505 1401 1105 0602 0613 1205 1115 
7 0714 1511 1214 0109 0402 0813 0407 1208 0706 0815 1113 0509 0109 0401 1310 1004 1206 1204 0908 0407 

8 0202 1408 1011 1201 0706 1104 1215 1312 1201 1307 1413 1412 1409 0404 0612 1301 1110 0714 1314 0309 
8 0207 0414 1403 0314 0502 0112 1114 0807 1213 1303 1310 1005 1401 1002 0906 0104 0808 1402 1405 1108 
8 0402 1513 1002 0507 0103 1005 0808 1206 0101 1101 1314 1101 1003 0707 1404 1315 1311 0702 0110 0709 
8 0909 1106 1110 1507 0405 0111 0306 1312 0501 0709 1314 0504 1013 0307 0609 1508 1001 1514 0713 0103 
8 1202 0314 0211 0814 1103 1203 0106 1212 0406 0401 0905 1404 0910 1407 1410 0801 0813 0407 0115 0901 
8 1515 0506 0301 1212 0514 1209 1511 0614 0501 0707 1309 1114 1313 1402 1309 0104 0812 1001 1515 0304 
8 0807 1104 1407 0513 0303 0411 0605 1513 0401 0901 0209 1202 1401 1408 0412 0211 0115 1007 1408 1309 
8 0903 1111 0609 0705 0206 0108 0304 0415 0603 0913 0909 0209 1403 0910 1111 0115 0511 0102 1113 0401 
8 1301 0605 1102 1305 0505 1204 0613 0506 0410 0411 1214 0502 0101 0709 0411 0802 1112 1010 1503 0301 
8 1101 0707 1113 1515 0203 0305 0310 0110 0211 0701 0913 1202 0815 0701 0505 0102 0502 1505 1501 1109 
8 1509 1205 1414 0105 0506 0412 1206 0301 0810 0307 0510 0106 0409 0702 0813 0101 0207 0303 1405 0811 
8 0208 1413 1314 1014 0408 0312 0505 1304 0506 0703 0409 0714 1409 0701 0907 0104 1208 0507 0513 0809 
8 0314 0215 0107 0214 0306 0115 0513 0915 0301 0902 0215 0405 0504 0507 0306 1101 0810 0808 0206 1011 
8 1106 0402 0215 1407 0507 0904 1303 0309 1305 0501 1405 0405 0109 0702 0504 0110 1304 0312 1415 1403 
8 0115 0208 1415 0708 0705 1201 0915 0315 0511 0209 1007 1414 1402 0803 0606 0101 1309 0308 0905 0403 
8 1214 0605 1301 1013 1105 0303 1008 1502 1202 0407 1307 0112 1506 1414 1205 1308 0614 0101 1511 1306 
8 1208 0414 0402 1008 0106 0311 0614 0312 1203 0314 1309 1114 0504 0714 1506 0810 1010 0301 0701 1407 
8 0911 0411 0606 0210 1511 1211 0511 0402 0107 0908 0310 1404 0302 0214 0304 0402 1401 0103 0715 0811 
8 0809 1505 1103 1002 0308 0303 0811 0310 0401 0714 0913 1102 0507 1014 0411 0503 1215 0305 1505 1403 
8 1209 0813 1313 0115 0405 0311 1103 1305 0812 0207 1313 0507 0506 1509 0513 0113 0408 0602 1301 1308 

